692886077 | 583450457
620042224 | 649520509
692886077 | 414635213
620042224 | 869650871
620042224 | 314260712
692886077 | 731902657
692886077 | 297234488
692886077 | 364177713
620042224 | 890045303
692886077 | 897916843
620042224 | 693418853
692886077 | 54518343
620042224 | 216643043
692886077 | 186163976
620042224 | 485808306
692886077 | 417723393
620042224 | 670182456
692886077 | 287228912
620042224 | 810335789
692886077 | 506199103
692886077 | 69134160
439399299 | 170976489
439399299 | 277378731
439399299 | 789573655
439399299 | 761648915
530955554 | 318336063
692886077 | 524074748
620042224 | 355800034
439399299 | 795019973
439399299 | 105948765
439399299 | 142716884
620042224 | 94165647
439399299 | 54314067
439399299 | 452134260
530955554 | 414309817
439399299 | 606876659
620042224 | 488622928
620042224 | 142351492
439399299 | 489932879
620042224 | 256450223
620042224|731902657
622181218 | 377526110
622181218 | 65857767
687291028 | 35728815
50219160 | 866320156
687291028 | 294338958
687291028 | 870534954
687291028 | 192009248
50219160 | 46297894
687291028 | 34396146
50219160 | 550317652
622181218 | 165346451
687291028 | 127341145
50219160 | 100130160
687291028 | 349231848
687291028 | 525092656
622181218 | 63455920
50219160 | 635215637
687291028 | 865677581
687291028 | 827524201
